encog,BasicNetwork,c++,3.0,1,1328266598
[BASIC]
[BASIC:PARAMS]
[BASIC:NETWORK]
beginTraining=0
connectionLimit=0
contextTargetOffset=0,00,000
contextTargetSize=0,00,000
endTraining=2
hasContext=F
inputCount=2
layerCounts=1,17,173
layerFeedCounts=1,16,162
layerContextCount=0,00,000
layerIndex=0,01,018
output=0,0,0,0,0,0,0,1,0,0,1
outputCount=1
weightIndex=0,07,0725
weights=-1.1132830992721252,-0.32084175124812719,1.3343625963334504,0.42625970796295343,2.0903776794258255,-0.18016387148475099,0.18916278898166572,1.9904108884982361,-2.5871271438151524,2.2303213514897591,1.1815244323195435,0.1189706948523406,1.4132105821107221,0.51728135709925493,-0.81149581458910125,-0.3709450334920279,-1.5944033382109346,-1.8840153869895608,2.6204032872238225,1.9158812089794608,2.0472311165727426,0.57631849441502403,-0.49080808837405782,-0.49257508184968146,-1.305028138047212
biasActivation=0,1,1
[BASIC:ACTIVATION]
"ActivationTANH"
"ActivationTANH"
"ActivationTANH"
